SAMPLEID,HOLEID,PROJECTCODE,SAMPFROM,SAMPTO,SAMPLETYPE,SampleDate,SampleLoggedBy,Ag_00MXB_ppm,Al_00MXB_ppm,As_00MXB_ppm,Au_00Q0I_ppm,Bi_00MXB_ppm,Ca_00MXB_ppm,Co_00MXB_ppm,Cu_00MXB_ppm,Fe_00MXB_pct,K_00MXB_ppm,Mg_00MXB_ppm,Mn_00MXB_ppm,Na_00MXB_ppm,P_00MXB_ppm,Pb_00MXB_ppm,Rb_00MXB_ppm,Sb_00MXB_ppm,Sr_00MXB_ppm,Ti_00MXB_ppm,U_00MXB_ppm,Zn_00MXB_ppm
"GJ23118","ESD8003","UNDERCOVER",280.5,284,"FILLET","24-Jul-2008","HATTO9",1,46100,5,0.01,10,29400,43,40,8.64,4200,12000,1290,25300,5310,8,18,5,73,480,10,23
"GJ23119","ESD8003","UNDERCOVER",284,288,"FILLET","24-Jul-2008","HATTO9",1,50400,5,0.01,10,9670,32,19,8.5,1900,8470,290,35000,3650,8,5,5,33,220,20,18
"GJ23120","ESD8003","UNDERCOVER",288,292,"FILLET","24-Jul-2008","HATTO9",1,15400,5,0.01,10,1040,34,8,2.85,900,6270,110,7620,480,5,5,5,13,160,10,18
"GJ23121","ESD8003","UNDERCOVER",292,296,"FILLET","24-Jul-2008","HATTO9",1,47200,5,0.01,10,7240,27,16,4.09,8100,14600,270,24500,440,9,54,5,45,1020,10,16
"GJ23122","ESD8003","UNDERCOVER",296,300,"FILLET","24-Jul-2008","HATTO9",1,60000,5,0.02,10,10800,22,15,9.58,3100,13600,300,40500,2240,9,5,5,42,390,10,19
"GJ23123","ESD8003","UNDERCOVER",300,304,"FILLET","24-Jul-2008","HATTO9",1,62300,5,0.01,10,7780,26,39,5.89,8200,12400,220,41200,810,17,40,5,54,1330,10,16
"GJ23124","ESD8003","UNDERCOVER",304,308,"FILLET","24-Jul-2008","HATTO9",1,31400,5,0.01,10,7790,21,19,8.38,6900,15400,280,12400,1090,10,34,5,33,1180,10,16
"GJ23125","ESD8003","UNDERCOVER",308,312,"FILLET","24-Jul-2008","HATTO9",1,40900,5,0.01,10,3990,41,44,4.08,5700,9330,210,24600,420,18,27,5,33,1140,10,17
"GJ23126","ESD8003","UNDERCOVER",312,316,"FILLET","24-Jul-2008","HATTO9",1,51900,5,0.01,10,3100,24,19,4.17,3500,12400,210,32600,570,11,14,5,33,310,10,16
"GJ23127","ESD8003","UNDERCOVER",316,320,"FILLET","24-Jul-2008","HATTO9",1,54100,5,0.01,10,2420,15,13,3.16,4800,9260,170,36900,600,5,16,5,25,170,10,13
"GJ23128","ESD8003","UNDERCOVER",320,324,"FILLET","24-Jul-2008","HATTO9",1,63200,5,0.01,10,1620,16,9,6.11,1800,23400,270,36500,470,5,5,5,15,320,10,16
"GJ23129","ESD8003","UNDERCOVER",324,328,"FILLET","24-Jul-2008","HATTO9",1,51500,5,0.03,10,3810,37,16,3.66,4400,8320,210,35200,530,10,18,5,28,380,10,13
"GJ23130","ESD8003","UNDERCOVER",328,332,"FILLET","24-Jul-2008","HATTO9",1,41100,5,0.01,10,1520,56,15,3.33,3300,7930,170,28000,510,14,8,5,16,180,10,13
"GJ23131","ESD8003","UNDERCOVER",332,336,"FILLET","24-Jul-2008","HATTO9",1,44100,5,0.01,10,2450,23,13,3.41,8300,8690,230,25000,410,21,41,5,29,1520,10,19
"GJ23132","ESD8003","UNDERCOVER",336,340,"FILLET","24-Jul-2008","HATTO9",1,70200,5,0.01,10,6560,10,9,2.71,5600,7330,160,48100,520,8,28,5,77,1480,10,13
"GJ23133","ESD8003","UNDERCOVER",340,344,"FILLET","24-Jul-2008","HATTO9",1,62500,5,0.01,10,4420,8,8,3.29,9500,11300,210,37800,540,12,46,5,66,2720,10,16
"GJ23134","ESD8003","UNDERCOVER",344,348,"FILLET","24-Jul-2008","HATTO9",1,55200,5,0.01,10,6680,8,8,2.65,7300,10800,210,34300,580,8,33,5,57,1540,10,12
"GJ23135","ESD8003","UNDERCOVER",348,352,"FILLET","24-Jul-2008","HATTO9",1,61400,5,0.01,10,5070,8,11,2.92,13000,9980,190,37100,500,9,73,5,63,3160,10,15
"GJ23136","ESD8003","UNDERCOVER",352,356,"FILLET","24-Jul-2008","HATTO9",1,61800,5,0.01,10,7410,8,30,3.1,23200,12900,290,29300,400,12,140,5,72,3580,10,18
"GJ23137","ESD8003","UNDERCOVER",356,360,"FILLET","24-Jul-2008","HATTO9",1,38400,5,0.01,10,3360,9,16,2.61,5200,7790,150,23100,380,14,27,5,33,1990,10,11
"GJ23138","ESD8003","UNDERCOVER",360,364,,"24-Jul-2008","HATTO9",1,52000,5,0.01,10,5700,9,16,2.77,4500,7960,130,34000,430,13,21,5,49,1890,10,12
"GJ23141","ESD8003","UNDERCOVER",364,368,"FILLET","24-Jul-2008","HATTO9",1,51200,5,0.01,10,6200,7,14,3.36,8000,11200,190,40300,460,13,31,5,50,1610,10,11
"GJ23142","ESD8003","UNDERCOVER",368,372,"FILLET","24-Jul-2008","HATTO9",1,47700,5,0.01,10,5990,7,20,2.73,8900,9310,180,29000,320,11,47,5,53,3130,10,12
"GJ23143","ESD8003","UNDERCOVER",372,376,"FILLET","24-Jul-2008","HATTO9",1,47000,5,0.01,10,16300,12,30,5.22,8000,15200,280,28600,520,11,43,5,59,2590,10,11
"GJ23144","ESD8003","UNDERCOVER",376,380,"FILLET","24-Jul-2008","HATTO9",1,59300,5,0.01,10,12200,14,28,5.24,12100,14300,250,34800,650,8,77,5,82,2580,10,13
"GJ23145","ESD8003","UNDERCOVER",380,384,"FILLET","24-Jul-2008","HATTO9",1,60100,5,0.01,10,5900,16,17,4.59,3400,8400,180,44800,600,7,11,5,42,900,10,12
"GJ23146","ESD8003","UNDERCOVER",384,388,"FILLET","24-Jul-2008","HATTO9",1,41500,5,0.01,10,4130,13,24,4.43,8500,9950,220,20500,500,12,59,5,32,2530,10,14
"GJ23147","ESD8003","UNDERCOVER",388,392,"FILLET","24-Jul-2008","HATTO9",1,61800,5,0.01,10,6930,9,18,4.35,7700,9620,250,36300,730,5,48,5,55,1530,10,14
"GJ23148","ESD8003","UNDERCOVER",392,396,"FILLET","24-Jul-2008","HATTO9",1,75200,5,0.01,10,7480,17,17,7.2,27500,16900,410,23700,1840,17,228,5,41,4130,10,22
"GJ23149","ESD8003","UNDERCOVER",396,400,"FILLET","24-Jul-2008","HATTO9",1,65200,5,0.01,10,2720,11,8,5.15,26600,11600,280,18400,820,16,184,5,35,2750,10,17
"GJ23150","ESD8003","UNDERCOVER",400,404,"FILLET","24-Jul-2008","HATTO9",1,57300,5,0.01,10,5930,15,13,5.07,17700,12400,260,23300,1100,8,120,5,45,2150,10,15
"GJ23151","ESD8003","UNDERCOVER",404,408,"FILLET","24-Jul-2008","HATTO9",1,53400,5,0.01,10,9000,18,12,5.09,13300,15200,410,23000,1620,8,103,5,31,1530,10,15
"GJ23152","ESD8003","UNDERCOVER",408,412,"FILLET","24-Jul-2008","HATTO9",1,33700,5,0.01,10,15800,12,23,4.39,10000,14900,340,14000,2000,7,46,5,28,730,10,10
"GJ23153","ESD8003","UNDERCOVER",412,416,"FILLET","24-Jul-2008","HATTO9",1,78100,5,0.01,10,12200,19,22,5.8,24000,18800,470,34700,1750,10,160,5,56,2850,10,19
"GJ23154","ESD8003","UNDERCOVER",416,420,"FILLET","24-Jul-2008","HATTO9",1,65100,5,0.01,10,6450,17,59,4.42,18100,11800,320,30400,520,16,121,5,62,3400,10,20
"GJ23155","ESD8003","UNDERCOVER",420,424,"FILLET","24-Jul-2008","HATTO9",1,57000,5,0.01,10,7590,24,63,4.89,9900,11200,300,31100,500,12,48,5,70,2910,10,14
"GJ23156","ESD8003","UNDERCOVER",424,428,,"24-Jul-2008","HATTO9",1,58700,5,0.01,10,6590,33,131,6.03,10400,11100,290,20500,640,16,49,5,55,3980,10,15
"GJ23159","ESD8003","UNDERCOVER",428,432,"FILLET","24-Jul-2008","HATTO9",1,41900,5,0.01,10,10700,17,60,5.95,7300,10400,350,22200,980,11,29,5,63,2530,10,13
"GJ23160","ESD8003","UNDERCOVER",432,436,"FILLET","24-Jul-2008","HATTO9",1,59100,5,0.01,10,9050,15,89,6.68,7500,13000,320,36300,610,19,42,5,62,2100,10,20
"GJ23161","ESD8003","UNDERCOVER",436,440,"FILLET","24-Jul-2008","HATTO9",1,63900,5,0.01,10,17500,14,44,5.96,8800,15200,400,35700,770,22,45,5,87,2680,10,19
"GJ23162","ESD8003","UNDERCOVER",440,444,"FILLET","24-Jul-2008","HATTO9",1,50800,5,0.01,10,14000,11,15,5.66,13900,9870,330,33600,1400,12,41,5,51,1940,10,13
"GJ23163","ESD8003","UNDERCOVER",444,448,"FILLET","24-Jul-2008","HATTO9",1,58000,5,0.01,10,13700,9,28,5.55,13900,9410,320,34700,1400,5,94,5,139,5730,10,18
"GJ23164","ESD8003","UNDERCOVER",448,452,"FILLET","24-Jul-2008","HATTO9",1,57700,5,0.01,10,19800,10,22,6.29,9800,20400,410,26100,1710,5,54,5,112,5540,10,17
"GJ23165","ESD8003","UNDERCOVER",452,456,"FILLET","24-Jul-2008","HATTO9",1,60300,5,0.01,10,18300,13,25,8.29,12700,18700,510,30700,1220,8,86,5,101,7130,10,20
"GJ23166","ESD8003","UNDERCOVER",456,460,"FILLET","24-Jul-2008","HATTO9",1,62800,5,0.03,10,6260,9,14,5.23,17000,10500,240,33400,440,5,116,5,109,7850,10,15
"GJ23167","ESD8003","UNDERCOVER",460,464,"FILLET","24-Jul-2008","HATTO9",1,62600,5,0.01,10,12900,10,10,5.32,11700,13300,250,33100,1690,5,69,5,111,4990,10,12
"GJ23168","ESD8003","UNDERCOVER",464,468,"FILLET","24-Jul-2008","HATTO9",1,26000,5,0.04,10,8860,9,15,4.97,5900,10600,210,8920,740,5,33,5,38,4880,10,13
"GJ23169","ESD8003","UNDERCOVER",468,472,"FILLET","24-Jul-2008","HATTO9",1,38600,5,0.03,10,17300,20,84,8.48,8700,14000,300,17100,890,5,60,5,61,4700,10,12
"GJ23170","ESD8003","UNDERCOVER",472,476,"FILLET","24-Jul-2008","HATTO9",1,38000,5,0.01,10,7900,14,78,5.53,7000,8180,230,19200,680,5,36,5,46,5030,10,14
"GJ23171","ESD8003","UNDERCOVER",476,480,"FILLET","24-Jul-2008","HATTO9",1,39900,5,0.02,10,14600,11,9,5.51,4700,13000,330,21800,1110,5,24,5,50,2050,10,8
"GJ23172","ESD8003","UNDERCOVER",480,484,"FILLET","24-Jul-2008","HATTO9",1,62300,5,0.03,10,12100,6,20,4.78,18000,8420,210,34400,920,5,100,5,94,4190,10,12
"GJ23173","ESD8003","UNDERCOVER",484,488,"FILLET","24-Jul-2008","HATTO9",1,29100,5,0.03,10,8810,5,10,3.73,10700,6960,170,12800,1150,5,47,5,38,3390,10,6
"GJ23174","ESD8003","UNDERCOVER",488,492,"FILLET","24-Jul-2008","HATTO9",1,53700,5,0.01,10,11900,8,45,4.45,10600,9020,220,28900,1330,6,57,5,107,5800,10,10
"GJ23175","ESD8003","UNDERCOVER",492,496,"FILLET","24-Jul-2008","HATTO9",1,59400,5,0.03,10,11000,8,18,4.25,12400,7730,210,32800,570,5,63,5,117,6180,10,17
"GJ23176","ESD8003","UNDERCOVER",496,500,"FILLET","24-Jul-2008","HATTO9",1,19400,5,0.03,10,36800,12,81,4.79,4500,13900,340,7860,1020,5,22,5,36,4260,10,7
"GJ23177","ESD8003","UNDERCOVER",500,504,"FILLET","24-Jul-2008","HATTO9",1,61700,5,0.02,10,21000,6,10,4.04,10900,7700,260,28000,810,5,81,5,147,7800,10,12
"GJ23178","ESD8003","UNDERCOVER",504,508,"FILLET","24-Jul-2008","HATTO9",1,52800,5,0.02,10,21400,6,12,4.23,7000,8670,300,28000,810,5,39,5,129,5270,10,11
"GJ23179","ESD8003","UNDERCOVER",508,510.9,"FILLET","24-Jul-2008","HATTO9",1,73600,5,0.03,10,18800,5,15,3.67,8000,7790,240,43100,1260,5,49,5,147,5160,10,12
